231 1201503P                          600393   0B2A 7425200 7425200       0       0 4855978
231 1201503P                         2357262   0B2A 7425200 7425200       0       0 6609932
232 1201503P                          794428   0B2A 7425200 7425200       0       0 2557232
231 1201503P                         1333625   0C8A 7425200 7425200       0       0 6709932
232 1201503P                         1419305   0C5E 6050000 6050000       0       0 2498508
232 1201503P                          700105   0C5E 6050000 6050000       0       0 4968929
231 1201503P                          535364   0C8B 7090800 7090800       0       0 1468147
232 1201503P                         1350531   0C8U 4574500 4574500       0       0 2218669
232 1201503P                          657498   0C8U 4574500 4574500       0       0 1714145
231 1201503P                          824288   0C53 6810700 6810700       0       0 4720260
232 1201503P                          856367   0C5Y 3815300 3815300       0       0 3179388
231 1201503P                          565142   0C8F 6205100 6205100       0       0 3778220
232 1201503P                         2847818   0CE8 3510800 3510800       0       0 2115949
232 1201503P                         2194342   0CG4 3486000 3486000       0       0 2799483
231 1201503P                         1504225   0C8J 5762900 5762900       0       0 5197239
231 1201503P                          498408   0C8Ñ 5222200 5222200       0       0 2460406
232 1201503P                         1635148   0CE3 3207700 3207700       0       0 2192167
231 1201503P                         3668660   0C5L 5118900 5118900       0       0 2276345
232 1201503P                          793058   0F2B 3159300 3159300       0       0 764769
231 1201503P                          359034   0C8S 4731400 4731400       0       0 4258574
232 1201503P                         4116532   0F2E 2872600 2872600       0       0 605306
231 1201503P                         1732206   0C5P 4730900 4730900       0       0 3184752
231 1201503P                          729845   0C5P 4730900 4730900       0       0 2749243
232 1201503P                         4040253   0D56 2848500 2848500       0       0 1608885
231 1201503P                          869137   0C5P 4730900 4730900       0       0 3999319
232 1201503P                         4327808   0D56 2848500 2848500       0       0 566738
231 1201503P                         1045479   0C8U 4574500 4574500       0       0 3034776
231 1201503P                          866541   0C8U 4574500 4574500       0       0 2248729
231 1201503P                         1925756   0C5R 4537500 4537500       0       0 2296252
232 1201503P                         3447364   0F2H 2628500 2628500       0       0 2127819
232 1201503P                         4476840   0D8S 2610900 2610900       0       0 2375919
231 1201503P                         2239227   0C5T 4350000 4350000       0       0 2224347
232 1201503P                         4623463   0D8S 2610900 2610900       0       0 2375919
232 1201503P                         4563314   0F2M 2068300 2068300       0       0 1743364
231 1201503P                         4092418   0C8Y 4150900 4150900       0       0 1700043
231 1201503P                         2225178   0D8D 4120400 4120400       0       0 861612
231 1201503P                         1271308   0D8D 4120400 4120400       0       0 944497
232 1201503P                         3485852   0F2Ñ 1880300 1880300       0       0 1482643
232 1201503P                          691234   0B2A 7425200 7425200       0       0 2125040
231 1201503P                          839768   0C8Z 4045500 4045500       0       0 1197822
231 1201503P                          679010   0C8Z 4045500 4045500       0       0 2666126
232 1201503P                          551169   0C8K 5695300 5695300       0       0 2837693
231 1201503P                          879864   0D8F 3912200 3912200       0       0 1633034
232 1201503P                          564322   0C5J 5424200 5424200       0       0 1447985
232 1201503P                         2700221   0C8O 5118900 5118900       0       0 4232990
231 1201503P                         1712350   0CG8 3851900 3851900       0       0 1301877
231 1201503P                          721479   0CG8 3851900 3851900       0       0 3397204
231 1201503P                          930713   0F25 3736000 3736000       0       0 1624006
232 1201503P                         1315221   0C8W 4367300 4367300       0       0 2414292
232 1201503P                          657643   0D8D 4120400 4120400       0       0 1940932
231 1201503P                         2316882   0D8J 3590800 3590800       0       0 2605185
232 1201503P                         3398171   0D8D 4120400 4120400       0       0 2226661
231 1201503P                          434482   0F22 3427700 3427700       0       0 700682
232 1201503P                          927851   0C8Z 4045500 4045500       0       0 3522455
232 1201503P                         1863510   0CG4 3486000 3486000       0       0 2756239
231 1201503P                          435153   0F2A 3227700 3227700       0       0 1471536
232 1201503P                         1202421   0CG3 3380400 3380400       0       0 2505020
231 1201503P                         1069893   0CG1 3197700 3197700       0       0 2869907
231 1201503P                          743637   0F2D 2957300 2957300       0       0 590588
232 1201503P                         1178744   0D8O 3009200 3009200       0       0 1900550
231 1201503P                         3263664   0D56 2848500 2848500       0       0 1500064
231 1201503P                         1528512   0D56 2848500 2848500       0       0 1381548
232 1201503P                         3397327   0D8U 2426800 2426800       0       0 2176031
231 1201503P                         2188458   0D53 2574300 2574300       0       0 1386212
232 1201503P                         1248222   0F2M 2068300 2068300       0       0 1882153
231 1201503P                         2168123   0F2I 2524600 2524600       0       0 1901865
231 1201503P                          669175   0F2I 2524600 2524600       0       0 1123607
231 1201503P                          457001   0F2I 2524600 2524600       0       0 1171445
231 1201503P                          484658   0F2I 2524600 2524600       0       0 1665853
232 1201503P                         1203755   0F2Ñ 1880300 1880300       0       0 687491
232 1201503P                         3795736   0F2Ñ 1880300 1880300       0       0 1505663
232 1201503P                         2310774   0F2Ñ 1880300 1880300       0       0 1711073
232 1201503P                         3818957   0F2Ñ 1880300 1880300       0       0 370778
231 1201503P                         4486421   0D8V 2288300 2288300       0       0 1547165
231 1201503P                         3522093   0D8V 2288300 2288300       0       0 1356913
232 1201503P                         2428981   0B2A 7425200 7425200       0       0 5063129
231 1201503P                         2835646   0F2M 2068300 2068300       0       0 982599
231 1201503P                         4351269   0F2M 2068300 2068300       0       0 1250620
231 1201503P                         1040695   0F2M 2068300 2068300       0       0 1314427
231 1201503P                         4513378   0F2Ñ 1880300 1880300       0       0 1079585
231 1201503P                         3900003   0F2Ñ 1880300 1880300       0       0 381983
232 1201503P                         2185529   0C8N 5318700 5318700       0       0 3036755
231 1201503P                          423208   0F2Ñ 1880300 1880300       0       0 1095830
231 1201503P                         4316566   0F2Ñ 1880300 1880300       0       0 498510
232 1201503P                          665629   0C5R 4537500 4537500       0       0 1003242
232 1201503P                         2036816   0C5R 4537500 4537500       0       0 3470287
232 1201503P                         1871128   0C5U 4225300 4225300       0       0 421430
232 1201503P                         3507810   0D8D 4120400 4120400       0       0 3598064
232 1201503P                         3185439   0C8Z 4045500 4045500       0       0 3586405
232 1201503P                         1791724   0C8Z 4045500 4045500       0       0 3422130
232 1201503P                         1320552   0C8Z 4045500 4045500       0       0 2548769
232 1201503P                         2290100   0CG5 3590800 3590800       0       0 2853768
232 1201503P                         2457973   0CG5 3590800 3590800       0       0 1588380
232 1201503P                          648955   0D8N 3200700 3200700       0       0 1888132
232 1201503P                         1636414   0D8N 3200700 3200700       0       0 1001801
232 1201503P                          841936   0D8N 3200700 3200700       0       0 2015239
232 1201503P                         1861509   0D8Ñ 3109200 3109200       0       0 1320522
232 1201503P                         3643122   0D8Q 2810600 2810600       0       0 1158674
232 1201503P                         3910192   0D8Q 2810600 2810600       0       0 2482646
232 1201503P                         1696057   0D8Q 2810600 2810600       0       0 2557646
232 1201503P                          525815   0D8Q 2810600 2810600       0       0 1373851
232 1201503P                          455364   0F2H 2628500 2628500       0       0 2353335
232 1201503P                         1218197   0D8T 2524600 2524600       0       0 1035437
232 1201503P                         1919956   0D8T 2524600 2524600       0       0 1117372
232 1201503P                         1477810   0D8V 2288300 2288300       0       0 2007353
232 1201503P                         4344991   0D8V 2288300 2288300       0       0 1781398
232 1201503P                         2133809   0D8V 2288300 2288300       0       0 2032353
232 1201503P                         3395422   0D8V 2288300 2288300       0       0 1353080
232 1201503P                         3644242   0D8V 2288300 2288300       0       0 2042353
232 1201503P                          697887   0D8V 2288300 2288300       0       0 2020098
232 1201503P                         3220553   0D8V 2288300 2288300       0       0 1860903
232 1201503P                         1269896   0D8V 2288300 2288300       0       0 1395312
232 1201503P                         3964785   0D8V 2288300 2288300       0       0 1466017
232 1201503P                         2027914   0F2L 2143400 2143400       0       0 688915
232 1201503P                          862730   0F2L 2143400 2143400       0       0 1039618
232 1201503P                          649276   0F2L 2143400 2143400       0       0 261283
232 1201503P                         3536710   0F2L 2143400 2143400       0       0 20000
232 1201503P                         1202754   0F2L 2143400 2143400       0       0 1108151
232 1201503P                         1874642   0F2L 2143400 2143400       0       0 882156
232 1201503P                          709194   0F2L 2143400 2143400       0       0 300317
232 1201503P                         1732092   0F2L 2143400 2143400       0       0 1039618
232 1201503P                         1990766   0F2L 2143400 2143400       0       0 979339
232 1201503P                         2016523   0F2L 2143400 2143400       0       0 1499420
232 1201503P                         4648862   0F2M 2068300 2068300       0       0 1619581
232 1201503P                         3700055   0F2M 2068300 2068300       0       0 1854576
232 1201503P                         3978661   0F2M 2068300 2068300       0       0 20000
232 1201503P                         3254662   0F2M 2068300 2068300       0       0 1822153
232 1201503P                         3207681   0F2M 2068300 2068300       0       0 1090345
232 1201503P                         3849579   0F2M 2068300 2068300       0       0 1451132
232 1201503P                         4502456   0F2M 2068300 2068300       0       0 795843
232 1201503P                         1336248   0F2M 2068300 2068300       0       0 481209
232 1201503P                         3903710   0F2M 2068300 2068300       0       0 1213828
232 1201503P                         3181733   0F2M 2068300 2068300       0       0 1456233
232 1201503P                         3682555   0F2Ñ 1880300 1880300       0       0 1138504
232 1201503P                         1551481   0F2Ñ 1880300 1880300       0       0 1099743
232 1201503P                          655332   0F2Ñ 1880300 1880300       0       0 1711073
232 1201503P                         4334370   0F2Ñ 1880300 1880300       0       0 1711073
232 1201503P                         3738155   0F2Ñ 1880300 1880300       0       0 1711073
232 1201503P                         3397321   0F2Ñ 1880300 1880300       0       0 1476962
232 1201503P                         1799196   0F2Ñ 1880300 1880300       0       0 1480984
232 1201503P                         1058659   0B2A 7425200 7425200       0       0 5145079
232 1201503P                          629338   0C81 8008600 8008600       0       0 5459606
232 1201503P                          550702   0C8G 6141500 6141500       0       0 2667517
232 1201503P                          446723   0C8I 5883200 5883200       0       0 4753825
232 1201503P                          965190   0C8J 5762900 5762900       0       0 4350519
232 1201503P                          458753   0C5J 5424200 5424200       0       0 3065059
232 1201503P                          611240   0C5J 5424200 5424200       0       0 1123470
232 1201503P                         1047659   0C8Ñ 5222200 5222200       0       0 3611358
232 1201503P                          409627   0C8Ñ 5222200 5222200       0       0 2367440
232 1201503P                          474409   0C8Ñ 5222200 5222200       0       0 2372073
232 1201503P                          634428   0C5P 4730900 4730900       0       0 2035393
232 1201503P                         2342354   0C5P 4730900 4730900       0       0 2620150
232 1201503P                         1013994   0C5P 4730900 4730900       0       0 3310941
232 1201503P                         2018706   0C8T 4653800 4653800       0       0 4084958
232 1201503P                         3663795   0C5R 4537500 4537500       0       0 3477579
232 1201503P                          711929   0C5R 4537500 4537500       0       0 4079125
232 1201503P                          901776   0C8V 4475300 4475300       0       0 2334312
232 1201503P                          650553   0C5T 4350000 4350000       0       0 1947261
232 1201503P                          921545   0C5T 4350000 4350000       0       0 1112186
232 1201503P                          334155   0C8X 4264700 4264700       0       0 2831629
232 1201503P                         1675865   0C8X 4264700 4264700       0       0 3438591
232 1201503P                         2667113   0C8X 4264700 4264700       0       0 2596260
232 1201503P                          613356   0CG9 3943100 3943100       0       0 3538221
232 1201503P                          575669   0CG9 3943100 3943100       0       0 1873363
232 1201503P                         1405606   0CG9 3943100 3943100       0       0 2589043
232 1201503P                         1016589   0CG9 3943100 3943100       0       0 1845548
232 1201503P                          632338   0D8G 3815300 3815300       0       0 1993039
232 1201503P                         1047876   0CG6 3679000 3679000       0       0 2600012
232 1201503P                          310384   0CE9 3609700 3609700       0       0 3465052
232 1201503P                         2357268   0CG5 3590800 3590800       0       0 3267628
232 1201503P                         1674030   0F23 3549300 3549300       0       0 831233
232 1201503P                          526667   0F23 3549300 3549300       0       0 1515556
232 1201503P                          519681   0D8K 3486000 3486000       0       0 690537
232 1201503P                         2292991   0CG4 3486000 3486000       0       0 2057434
232 1201503P                         2222983   0CG4 3486000 3486000       0       0 2787500
232 1201503P                         1750879   0CG4 3486000 3486000       0       0 3132260
232 1201503P                         2366111   0CG4 3486000 3486000       0       0 2887260
232 1201503P                         3492268   0D8M 3309700 3309700       0       0 1367913
232 1201503P                          744990   0D8M 3309700 3309700       0       0 2496606
232 1201503P                          783233   0F2A 3227700 3227700       0       0 886097
232 1201503P                         3647332   0CG1 3197700 3197700       0       0 1954715
232 1201503P                         1539569   0CG1 3197700 3197700       0       0 2859907
232 1201503P                         3191421   0CG1 3197700 3197700       0       0 2803317
232 1201503P                         2215065   0CG1 3197700 3197700       0       0 1095659
232 1201503P                         2306094   0F2B 3159300 3159300       0       0 1912998
232 1201503P                         3561261   0D58 3048300 3048300       0       0 1871318
232 1201503P                         3713667   0D58 3048300 3048300       0       0 2773953
232 1201503P                          383113   0D58 3048300 3048300       0       0 1301928
232 1201503P                         3738952   0D55 2752500 2752500       0       0 1464777
232 1201503P                         1870658   0F2H 2628500 2628500       0       0 1928709
232 1201503P                         2084993   0F2I 2524600 2524600       0       0 1134399
232 1201503P                          457848   0F2I 2524600 2524600       0       0 816848
232 1201503P                         4366837   0D8U 2426800 2426800       0       0 1190939
232 1201503P                         3969569   0F2M 2068300 2068300       0       0 1882153
232 1201503P                         4300046   0F2M 2068300 2068300       0       0 1882153
232 1201503P                         4833923   0F2M 2068300 2068300       0       0 1827153
232 1201503P                         3781932   0F2M 2068300 2068300       0       0 849840
232 1201503P                         1164727   0F2M 2068300 2068300       0       0 1145880
232 1201503P                         3738572   0F2M 2068300 2068300       0       0 1842153
232 1201503P                         3306019   0F2M 2068300 2068300       0       0 1797153
232 1201503P                         3383750   0F2M 2068300 2068300       0       0 1832153
232 1201503P                         3544612   0F2M 2068300 2068300       0       0 1842153
232 1201503P                         1214738   0F2M 2068300 2068300       0       0 1882153
232 1201503P                         4586950   0F2M 2068300 2068300       0       0 1549861
232 1201503P                         3361267   0F2M 2068300 2068300       0       0 1832153
232 1201503P                         3507252   0F2M 2068300 2068300       0       0 1882153
232 1201503P                         1545850   0F2Ñ 1880300 1880300       0       0 1711073
